user_id,date,time_stamp,sleep_stage,sleep_duration
smcfb.01.034,2023-07-24,-1,-1,-1
smcfb.01.034,2023-07-25,21:50:00.000,wake,420
smcfb.01.034,2023-07-25,21:57:00.000,light,1890
smcfb.01.034,2023-07-25,22:28:30.000,deep,2160
smcfb.01.034,2023-07-25,23:04:30.000,light,2250
smcfb.01.034,2023-07-25,23:42:00.000,rem,720
smcfb.01.034,2023-07-25,23:54:00.000,light,1560
smcfb.01.034,2023-07-25,00:20:00.000,rem,1890
smcfb.01.034,2023-07-25,00:51:30.000,light,1410
smcfb.01.034,2023-07-25,01:15:00.000,deep,270
smcfb.01.034,2023-07-25,01:19:30.000,wake,810
smcfb.01.034,2023-07-25,01:33:00.000,light,810
smcfb.01.034,2023-07-25,01:46:30.000,wake,270
smcfb.01.034,2023-07-25,01:51:00.000,light,2850
smcfb.01.034,2023-07-25,02:38:30.000,deep,660
smcfb.01.034,2023-07-25,02:49:30.000,wake,420
smcfb.01.034,2023-07-25,02:56:30.000,light,1920
smcfb.01.034,2023-07-25,03:28:30.000,wake,210
smcfb.01.034,2023-07-26,14:11:00.000,restless,60
smcfb.01.034,2023-07-26,14:12:00.000,asleep,120
smcfb.01.034,2023-07-26,14:14:00.000,restless,120
smcfb.01.034,2023-07-26,14:16:00.000,asleep,60
smcfb.01.034,2023-07-26,14:17:00.000,restless,180
smcfb.01.034,2023-07-26,14:20:00.000,asleep,1380
smcfb.01.034,2023-07-26,14:43:00.000,restless,60
smcfb.01.034,2023-07-26,14:44:00.000,asleep,180
smcfb.01.034,2023-07-26,14:47:00.000,restless,60
smcfb.01.034,2023-07-26,14:48:00.000,asleep,240
smcfb.01.034,2023-07-26,14:52:00.000,restless,60
smcfb.01.034,2023-07-26,14:53:00.000,asleep,1260
smcfb.01.034,2023-07-26,15:14:00.000,restless,60
smcfb.01.034,2023-07-26,15:15:00.000,asleep,840
smcfb.01.034,2023-07-26,00:22:00.000,wake,1170
smcfb.01.034,2023-07-26,00:41:30.000,light,4440
smcfb.01.034,2023-07-26,01:55:30.000,deep,1500
smcfb.01.034,2023-07-26,02:20:30.000,light,120
smcfb.01.034,2023-07-26,02:22:30.000,wake,210
smcfb.01.034,2023-07-26,02:26:00.000,light,1920
smcfb.01.034,2023-07-26,02:58:00.000,rem,300
smcfb.01.034,2023-07-26,03:03:00.000,light,840
smcfb.01.034,2023-07-26,03:17:00.000,wake,510
smcfb.01.034,2023-07-27,20:50:00.000,wake,750
smcfb.01.034,2023-07-27,21:02:30.000,deep,360
smcfb.01.034,2023-07-27,21:08:30.000,light,1290
smcfb.01.034,2023-07-27,21:30:00.000,deep,840
smcfb.01.034,2023-07-27,21:44:00.000,light,480
smcfb.01.034,2023-07-27,21:52:00.000,deep,1500
smcfb.01.034,2023-07-27,22:17:00.000,light,510
smcfb.01.034,2023-07-27,22:25:30.000,deep,1680
smcfb.01.034,2023-07-27,22:53:30.000,wake,450
smcfb.01.034,2023-07-27,23:01:00.000,light,150
smcfb.01.034,2023-07-27,23:03:30.000,wake,930
smcfb.01.034,2023-07-27,23:19:00.000,light,3300
smcfb.01.034,2023-07-27,00:14:00.000,rem,1080
smcfb.01.034,2023-07-27,00:32:00.000,wake,360
smcfb.01.034,2023-07-27,00:38:00.000,light,4080
smcfb.01.034,2023-07-27,01:46:00.000,wake,360
smcfb.01.034,2023-07-27,01:52:00.000,light,270
smcfb.01.034,2023-07-27,01:56:30.000,rem,2160
smcfb.01.034,2023-07-27,02:32:30.000,light,1470
smcfb.01.034,2023-07-27,02:57:00.000,wake,480
smcfb.01.034,2023-07-27,03:05:00.000,light,1410
smcfb.01.034,2023-07-28,21:43:00.000,wake,30
smcfb.01.034,2023-07-28,21:43:30.000,light,2160
smcfb.01.034,2023-07-28,22:19:30.000,deep,360
smcfb.01.034,2023-07-28,22:25:30.000,wake,450
smcfb.01.034,2023-07-28,22:33:00.000,light,930
smcfb.01.034,2023-07-28,22:48:30.000,rem,2040
smcfb.01.034,2023-07-28,23:22:30.000,light,1350
smcfb.01.034,2023-07-28,23:45:00.000,wake,780
smcfb.01.034,2023-07-28,23:58:00.000,light,780
smcfb.01.034,2023-07-28,00:11:00.000,wake,300
smcfb.01.034,2023-07-28,00:16:00.000,light,1170
smcfb.01.034,2023-07-28,00:35:30.000,deep,2010
smcfb.01.034,2023-07-28,01:09:00.000,light,180
smcfb.01.034,2023-07-28,01:12:00.000,deep,630
smcfb.01.034,2023-07-28,01:22:30.000,light,450
smcfb.01.034,2023-07-28,01:30:00.000,deep,300
smcfb.01.034,2023-07-28,01:35:00.000,light,3000
smcfb.01.034,2023-07-28,02:25:00.000,deep,360
smcfb.01.034,2023-07-28,02:31:00.000,light,3120
smcfb.01.034,2023-07-29,-1,-1,-1
smcfb.01.034,2023-07-30,17:50:00.000,awake,180
smcfb.01.034,2023-07-30,17:53:00.000,asleep,15120
smcfb.01.034,2023-07-31,-1,-1,-1
smcfb.01.034,2023-08-01,10:00:00.000,awake,120
smcfb.01.034,2023-08-01,10:02:00.000,restless,60
smcfb.01.034,2023-08-01,10:03:00.000,asleep,480
smcfb.01.034,2023-08-01,10:11:00.000,restless,180
smcfb.01.034,2023-08-01,10:14:00.000,asleep,60
smcfb.01.034,2023-08-01,10:15:00.000,restless,60
smcfb.01.034,2023-08-01,10:16:00.000,asleep,660
smcfb.01.034,2023-08-01,10:27:00.000,restless,240
smcfb.01.034,2023-08-01,10:31:00.000,awake,60
smcfb.01.034,2023-08-01,10:32:00.000,restless,120
smcfb.01.034,2023-08-01,10:34:00.000,asleep,60
smcfb.01.034,2023-08-01,10:35:00.000,restless,60
smcfb.01.034,2023-08-01,10:36:00.000,asleep,4440
smcfb.01.034,2023-08-01,20:49:00.000,restless,180
smcfb.01.034,2023-08-01,20:52:00.000,asleep,1200
smcfb.01.034,2023-08-01,21:12:00.000,restless,60
smcfb.01.034,2023-08-01,21:13:00.000,asleep,4560
smcfb.01.034,2023-08-01,22:29:00.000,restless,180
smcfb.01.034,2023-08-01,22:32:00.000,awake,420
smcfb.01.034,2023-08-01,22:39:00.000,restless,60
smcfb.01.034,2023-08-01,22:40:00.000,asleep,12600
smcfb.01.034,2023-08-01,02:10:00.000,restless,240
smcfb.01.034,2023-08-01,02:14:00.000,awake,240
smcfb.01.034,2023-08-01,02:18:00.000,restless,60
smcfb.01.034,2023-08-01,02:19:00.000,asleep,2580
smcfb.01.034,2023-08-01,03:02:00.000,restless,120
smcfb.01.034,2023-08-01,03:04:00.000,asleep,600
smcfb.01.034,2023-08-01,03:14:00.000,restless,180
smcfb.01.034,2023-08-01,03:17:00.000,asleep,60
smcfb.01.034,2023-08-01,03:18:00.000,restless,60
smcfb.01.034,2023-08-01,03:19:00.000,asleep,60
smcfb.01.034,2023-08-01,03:20:00.000,restless,120
smcfb.01.034,2023-08-01,03:22:00.000,asleep,840
smcfb.01.034,2023-08-01,03:36:00.000,restless,240
smcfb.01.034,2023-08-01,03:40:00.000,awake,60
smcfb.01.034,2023-08-01,03:41:00.000,restless,120
smcfb.01.034,2023-08-01,03:43:00.000,asleep,9300
smcfb.01.034,2023-08-01,06:18:00.000,restless,360
smcfb.01.034,2023-08-01,06:24:00.000,awake,420
smcfb.01.034,2023-08-01,06:31:00.000,restless,60
smcfb.01.034,2023-08-01,06:32:00.000,asleep,720
smcfb.01.034,2023-08-01,06:44:00.000,restless,240
smcfb.01.034,2023-08-01,06:48:00.000,awake,480
smcfb.01.034,2023-08-01,06:56:00.000,restless,60
smcfb.01.034,2023-08-01,06:57:00.000,asleep,1740
smcfb.01.034,2023-08-01,07:26:00.000,restless,120
smcfb.01.034,2023-08-01,07:28:00.000,awake,120
smcfb.01.034,2023-08-01,07:30:00.000,restless,180
smcfb.01.034,2023-08-01,07:33:00.000,asleep,900
smcfb.01.034,2023-08-01,07:48:00.000,restless,240
smcfb.01.034,2023-08-01,07:52:00.000,awake,60
smcfb.01.034,2023-08-01,07:53:00.000,restless,180
smcfb.01.034,2023-08-01,07:56:00.000,asleep,540
smcfb.01.034,2023-08-01,08:05:00.000,restless,120
smcfb.01.034,2023-08-01,08:07:00.000,asleep,300
smcfb.01.034,2023-08-01,08:12:00.000,restless,120
smcfb.01.034,2023-08-01,08:14:00.000,asleep,60
smcfb.01.034,2023-08-02,-1,-1,-1
smcfb.01.034,2023-08-03,-1,-1,-1
smcfb.01.034,2023-08-04,-1,-1,-1
smcfb.01.034,2023-08-05,-1,-1,-1
smcfb.01.034,2023-08-06,-1,-1,-1
smcfb.01.034,2023-08-07,-1,-1,-1
smcfb.01.034,2023-08-08,-1,-1,-1
smcfb.01.034,2023-08-09,-1,-1,-1
smcfb.01.034,2023-08-10,-1,-1,-1
smcfb.01.034,2023-08-11,-1,-1,-1
smcfb.01.034,2023-08-12,-1,-1,-1
smcfb.01.034,2023-08-13,-1,-1,-1
smcfb.01.034,2023-08-14,-1,-1,-1
smcfb.01.034,2023-08-15,-1,-1,-1
smcfb.01.034,2023-08-16,-1,-1,-1
smcfb.01.034,2023-08-18,-1,-1,-1
smcfb.01.034,2023-08-19,-1,-1,-1
smcfb.01.034,2023-08-17,-1,-1,-1
smcfb.01.034,2023-08-20,-1,-1,-1
smcfb.01.034,2023-08-21,-1,-1,-1
smcfb.01.034,2023-08-22,-1,-1,-1
smcfb.01.034,2023-08-23,-1,-1,-1
smcfb.01.034,2023-08-24,-1,-1,-1
smcfb.01.034,2023-08-25,-1,-1,-1
smcfb.01.034,2023-08-26,-1,-1,-1
smcfb.01.034,2023-08-27,-1,-1,-1
smcfb.01.034,2023-08-28,-1,-1,-1
smcfb.01.034,2023-08-29,-1,-1,-1
smcfb.01.034,2023-08-30,-1,-1,-1
smcfb.01.034,2023-08-31,-1,-1,-1
smcfb.01.034,2023-09-01,-1,-1,-1
smcfb.01.034,2023-09-02,-1,-1,-1
smcfb.01.034,2023-09-03,-1,-1,-1
smcfb.01.034,2023-09-04,-1,-1,-1
smcfb.01.034,2023-09-05,-1,-1,-1
smcfb.01.034,2023-09-06,-1,-1,-1
smcfb.01.034,2023-09-07,-1,-1,-1
smcfb.01.034,2023-09-08,-1,-1,-1
smcfb.01.034,2023-09-09,-1,-1,-1
smcfb.01.034,2023-09-10,-1,-1,-1
smcfb.01.034,2023-09-11,-1,-1,-1
smcfb.01.034,2023-09-12,-1,-1,-1
smcfb.01.034,2023-09-13,-1,-1,-1
smcfb.01.034,2023-09-14,-1,-1,-1
smcfb.01.034,2023-09-15,-1,-1,-1
smcfb.01.034,2023-09-16,-1,-1,-1
smcfb.01.034,2023-09-17,-1,-1,-1
smcfb.01.034,2023-09-18,-1,-1,-1
smcfb.01.034,2023-09-19,-1,-1,-1
smcfb.01.034,2023-09-21,-1,-1,-1
smcfb.01.034,2023-09-22,-1,-1,-1
smcfb.01.034,2023-09-23,-1,-1,-1
smcfb.01.034,2023-09-24,-1,-1,-1
smcfb.01.034,2023-09-20,-1,-1,-1
smcfb.01.034,2023-09-25,-1,-1,-1
smcfb.01.034,2023-09-26,-1,-1,-1
smcfb.01.034,2023-09-27,-1,-1,-1
smcfb.01.034,2023-09-28,-1,-1,-1
smcfb.01.034,2023-09-29,-1,-1,-1
smcfb.01.034,2023-09-30,-1,-1,-1
smcfb.01.034,2023-10-01,-1,-1,-1
smcfb.01.034,2023-10-02,-1,-1,-1
smcfb.01.034,2023-10-03,-1,-1,-1
smcfb.01.034,2023-10-04,-1,-1,-1
smcfb.01.034,2023-10-05,-1,-1,-1
smcfb.01.034,2023-10-06,-1,-1,-1
smcfb.01.034,2023-10-07,-1,-1,-1
smcfb.01.034,2023-10-08,-1,-1,-1
smcfb.01.034,2023-10-09,-1,-1,-1
smcfb.01.034,2023-10-10,-1,-1,-1
smcfb.01.034,2023-10-11,-1,-1,-1
smcfb.01.034,2023-10-12,-1,-1,-1
smcfb.01.034,2023-10-13,-1,-1,-1
smcfb.01.034,2023-10-14,-1,-1,-1
smcfb.01.034,2023-10-15,-1,-1,-1
smcfb.01.034,2023-10-16,-1,-1,-1
smcfb.01.034,2023-10-17,-1,-1,-1
smcfb.01.034,2023-10-18,-1,-1,-1
smcfb.01.034,2023-10-19,-1,-1,-1
smcfb.01.034,2023-10-20,-1,-1,-1
smcfb.01.034,2023-10-21,-1,-1,-1
smcfb.01.034,2023-10-22,-1,-1,-1
smcfb.01.034,2023-10-23,-1,-1,-1
smcfb.01.034,2023-10-24,-1,-1,-1
smcfb.01.034,2023-10-25,-1,-1,-1
smcfb.01.034,2023-10-26,-1,-1,-1
smcfb.01.034,2023-10-27,-1,-1,-1
smcfb.01.034,2023-10-28,-1,-1,-1
smcfb.01.034,2023-10-29,-1,-1,-1
smcfb.01.034,2023-10-30,-1,-1,-1
smcfb.01.034,2023-10-31,-1,-1,-1
smcfb.01.034,2023-11-01,-1,-1,-1
smcfb.01.034,2023-11-02,-1,-1,-1
smcfb.01.034,2023-11-03,-1,-1,-1
smcfb.01.034,2023-11-04,-1,-1,-1
smcfb.01.034,2023-11-05,-1,-1,-1
smcfb.01.034,2023-11-06,-1,-1,-1
smcfb.01.034,2023-11-07,-1,-1,-1
smcfb.01.034,2023-11-08,-1,-1,-1
smcfb.01.034,2023-11-09,-1,-1,-1
smcfb.01.034,2023-11-10,-1,-1,-1
smcfb.01.034,2023-11-11,-1,-1,-1
smcfb.01.034,2023-11-12,-1,-1,-1
smcfb.01.034,2023-11-13,-1,-1,-1
smcfb.01.034,2023-11-14,-1,-1,-1
smcfb.01.034,2023-11-15,-1,-1,-1
smcfb.01.034,2023-11-16,-1,-1,-1
smcfb.01.034,2023-11-17,-1,-1,-1
smcfb.01.034,2023-11-18,-1,-1,-1
smcfb.01.034,2023-11-19,-1,-1,-1
smcfb.01.034,2023-11-20,-1,-1,-1
smcfb.01.034,2023-11-21,-1,-1,-1
smcfb.01.034,2023-11-22,-1,-1,-1
smcfb.01.034,2023-11-23,-1,-1,-1
smcfb.01.034,2023-11-24,-1,-1,-1
smcfb.01.034,2023-11-25,-1,-1,-1
smcfb.01.034,2023-11-26,-1,-1,-1
smcfb.01.034,2023-11-27,-1,-1,-1
smcfb.01.034,2023-11-28,-1,-1,-1
smcfb.01.034,2023-11-29,-1,-1,-1
smcfb.01.034,2023-11-30,-1,-1,-1
smcfb.01.034,2023-12-01,-1,-1,-1
smcfb.01.034,2023-12-02,-1,-1,-1
smcfb.01.034,2023-12-03,-1,-1,-1
smcfb.01.034,2023-12-04,-1,-1,-1
smcfb.01.034,2023-12-05,-1,-1,-1
smcfb.01.034,2023-12-06,-1,-1,-1
smcfb.01.034,2023-12-07,-1,-1,-1
smcfb.01.034,2023-12-08,-1,-1,-1
smcfb.01.034,2023-12-09,-1,-1,-1
smcfb.01.034,2023-12-10,-1,-1,-1
smcfb.01.034,2023-12-11,-1,-1,-1
smcfb.01.034,2023-12-12,-1,-1,-1
smcfb.01.034,2023-12-13,-1,-1,-1
smcfb.01.034,2023-12-14,-1,-1,-1
smcfb.01.034,2023-12-15,-1,-1,-1
smcfb.01.034,2023-12-16,-1,-1,-1
smcfb.01.034,2023-12-17,-1,-1,-1
smcfb.01.034,2023-12-18,-1,-1,-1
smcfb.01.034,2023-12-19,-1,-1,-1
smcfb.01.034,2023-12-20,-1,-1,-1
smcfb.01.034,2023-12-21,-1,-1,-1
smcfb.01.034,2023-12-22,-1,-1,-1
smcfb.01.034,2023-12-23,-1,-1,-1
smcfb.01.034,2023-12-24,-1,-1,-1
smcfb.01.034,2023-12-25,-1,-1,-1
smcfb.01.034,2023-12-26,-1,-1,-1
smcfb.01.034,2023-12-27,-1,-1,-1
smcfb.01.034,2023-12-28,-1,-1,-1
smcfb.01.034,2023-12-29,-1,-1,-1
smcfb.01.034,2023-12-30,-1,-1,-1
